1645616690389 0.48399776220321655 0
1645616760573 0.19189801812171936 1
1645616830746 0.11110445111989975 2
1645616900796 0.08385186642408371 3
1645616971045 0.07234331965446472 4
1645617041406 0.05354801192879677 5
1645617111294 0.04248086363077164 6
1645617180889 0.038163650780916214 7
1645617250193 0.02747628651559353 8
1645617319664 0.023991601541638374 9
1645617389148 0.022131310775876045 10
1645617458809 0.020304000005126 11
1645617528346 0.021304620429873466 12
1645617533996 0.05354801192879677 13
